[soe][Equalizer#0]
inputGain=-3.2
mode=3
numBands=9
outputGain=-3.2

[soe][Equalizer#0#left]
band0Frequency=31.54434690031884
band0Mode=6
band0Q=1.366224835960518
band0Type=0
band10Type=0
band11Type=0
band12Type=0
band13Type=0
band14Type=0
band15Type=0
band16Type=0
band17Type=0
band18Type=0
band19Type=0
band1Frequency=67.96023523644664
band1Mode=6
band1Q=1.366224835960518
band20Type=0
band21Type=0
band22Type=0
band23Type=0
band24Type=0
band25Type=0
band26Type=0
band27Type=0
band28Type=0
band29Type=0
band2Frequency=146.4158883361278
band2Mode=6
band2Q=1.366224835960518
band30Type=0
band31Type=0
band3Frequency=315.44346900318845
band3Mode=6
band3Q=1.366224835960518
band4Frequency=679.6023523644665
band4Mode=6
band4Q=1.366224835960518
band5Frequency=1464.1588833612782
band5Mode=6
band5Q=1.366224835960518
band6Frequency=3154.434690031885
band6Mode=6
band6Q=1.366224835960518
band7Frequency=6796.023523644666
band7Mode=6
band7Q=1.3662248359605182
band8Frequency=14641.588833612786
band8Mode=6
band8Q=1.3662248359605178
band9Type=0

[soe][Equalizer#0#right]
band0Frequency=31.54434690031884
band0Mode=6
band0Q=1.366224835960518
band0Type=0
band10Type=0
band11Type=0
band12Type=0
band13Type=0
band14Type=0
band15Type=0
band16Type=0
band17Type=0
band18Type=0
band19Type=0
band1Frequency=67.96023523644664
band1Mode=6
band1Q=1.366224835960518
band20Type=0
band21Type=0
band22Type=0
band23Type=0
band24Type=0
band25Type=0
band26Type=0
band27Type=0
band28Type=0
band29Type=0
band2Frequency=146.4158883361278
band2Mode=6
band2Q=1.366224835960518
band30Type=0
band31Type=0
band3Frequency=315.44346900318845
band3Mode=6
band3Q=1.366224835960518
band4Frequency=679.6023523644665
band4Mode=6
band4Q=1.366224835960518
band5Frequency=1464.1588833612782
band5Mode=6
band5Q=1.366224835960518
band6Frequency=3154.434690031885
band6Mode=6
band6Q=1.366224835960518
band7Frequency=6796.023523644666
band7Mode=6
band7Q=1.3662248359605182
band8Frequency=14641.588833612786
band8Mode=6
band8Q=1.3662248359605178
band9Type=0

[soe][Equalizer#1]
inputGain=-3
mode=3
numBands=8

[soe][Equalizer#1#left]
band0Frequency=180
band0Gain=3
band0Mode=6
band0Q=0.8
band0Slope=3
band0Type=5
band10Type=0
band11Type=0
band12Type=0
band13Type=0
band14Type=0
band15Type=0
band16Type=0
band17Type=0
band18Type=0
band19Type=0
band1Frequency=460
band1Gain=0.5
band1Mode=6
band1Q=0.699999988079071
band20Type=0
band21Type=0
band22Type=0
band23Type=0
band24Type=0
band25Type=0
band26Type=0
band27Type=0
band28Type=0
band29Type=0
band2Frequency=1900
band2Gain=-1.8
band2Mode=6
band2Q=1.5
band2Type=0
band30Type=0
band31Type=0
band3Frequency=2800
band3Gain=1
band3Mode=6
band3Q=1
band3Type=0
band4Frequency=3300
band4Gain=-2
band4Mode=6
band4Q=0.8
band4Type=0
band5Frequency=8800
band5Gain=-3
band5Mode=6
band5Q=1.399999976158142
band5Type=0
band6Frequency=10000
band6Gain=-2
band6Mode=6
band6Q=1
band7Frequency=14000
band7Gain=2
band7Mode=6
band7Q=0.5
band7Type=0
band8Type=0
band9Type=0

[soe][Equalizer#1#right]
band0Frequency=180
band0Gain=3
band0Mode=6
band0Q=0.8
band0Slope=3
band0Type=5
band10Type=0
band11Type=0
band12Type=0
band13Type=0
band14Type=0
band15Type=0
band16Type=0
band17Type=0
band18Type=0
band19Type=0
band1Frequency=460
band1Gain=0.5
band1Mode=6
band1Q=0.699999988079071
band20Type=0
band21Type=0
band22Type=0
band23Type=0
band24Type=0
band25Type=0
band26Type=0
band27Type=0
band28Type=0
band29Type=0
band2Frequency=1900
band2Gain=-1.8
band2Mode=6
band2Q=1.5
band2Type=0
band30Type=0
band31Type=0
band3Frequency=2800
band3Gain=1
band3Mode=6
band3Q=1
band3Type=0
band4Frequency=3300
band4Gain=-2
band4Mode=6
band4Q=0.8
band4Type=0
band5Frequency=8800
band5Gain=-3
band5Mode=6
band5Q=1.399999976158142
band5Type=0
band6Frequency=10000
band6Gain=-2
band6Mode=6
band6Q=1
band7Frequency=14000
band7Gain=2
band7Mode=6
band7Q=0.5
band7Type=0
band8Type=0
band9Type=0
