[soe][Equalizer#0]
bypass=true
inputGain=-1.6
mode=3
numBands=8

[soe][Equalizer#0#left]
band0Frequency=21
band0Gain=-3.5999999046325684
band0Mode=6
band0Q=0.8999999761581421
band10Type=0
band11Type=0
band12Type=0
band13Type=0
band14Type=0
band15Type=0
band16Type=0
band17Type=0
band18Type=0
band19Type=0
band1Frequency=100
band1Gain=0.699999988079071
band1Mode=6
band1Q=2
band20Type=0
band21Type=0
band22Type=0
band23Type=0
band24Type=0
band25Type=0
band26Type=0
band27Type=0
band28Type=0
band29Type=0
band2Frequency=160
band2Gain=-1.899999976158142
band2Mode=6
band2Q=3.4000000953674316
band30Type=0
band31Type=0
band3Frequency=370
band3Gain=1.7000000476837158
band3Mode=6
band3Q=1.2000000476837158
band4Frequency=1500
band4Gain=-1.399999976158142
band4Mode=6
band4Q=2
band5Frequency=2600
band5Gain=0.8999999761581421
band5Mode=6
band5Q=3.5
band6Frequency=4000
band6Gain=-0.800000011920929
band6Mode=6
band6Q=2.799999952316284
band7Mode=6
band7Q=0
band7Type=0
band8Mode=6
band8Q=0
band8Type=0
band9Mode=6
band9Q=0
band9Type=0

[soe][Equalizer#0#right]
band0Frequency=21
band0Gain=-3.5999999046325684
band0Mode=6
band0Q=0.8999999761581421
band10Type=0
band11Type=0
band12Type=0
band13Type=0
band14Type=0
band15Type=0
band16Type=0
band17Type=0
band18Type=0
band19Type=0
band1Frequency=100
band1Gain=0.699999988079071
band1Mode=6
band1Q=2
band20Type=0
band21Type=0
band22Type=0
band23Type=0
band24Type=0
band25Type=0
band26Type=0
band27Type=0
band28Type=0
band29Type=0
band2Frequency=160
band2Gain=-1.899999976158142
band2Mode=6
band2Q=3.4000000953674316
band30Type=0
band31Type=0
band3Frequency=370
band3Gain=1.7000000476837158
band3Mode=6
band3Q=1.2000000476837158
band4Frequency=1500
band4Gain=-1.399999976158142
band4Mode=6
band4Q=2
band5Frequency=2600
band5Gain=0.8999999761581421
band5Mode=6
band5Q=3.5
band6Frequency=4000
band6Gain=-0.800000011920929
band6Mode=6
band6Q=2.799999952316284
band7Mode=6
band7Q=0
band7Type=0
band8Mode=6
band8Q=0
band8Type=0
band9Mode=6
band9Q=0
band9Type=0

[soe][Equalizer#1]
inputGain=-2
mode=3
numBands=5

[soe][Equalizer#1#left]
band0Frequency=150
band0Gain=2
band0Mode=6
band0Q=0.8
band0Type=5
band10Type=0
band11Type=0
band12Type=0
band13Type=0
band14Type=0
band15Type=0
band16Type=0
band17Type=0
band18Type=0
band19Type=0
band1Frequency=400
band1Gain=2
band1Mode=6
band1Q=1.5
band20Type=0
band21Type=0
band22Type=0
band23Type=0
band24Type=0
band25Type=0
band26Type=0
band27Type=0
band28Type=0
band29Type=0
band2Frequency=750
band2Gain=1.2
band2Mode=6
band2Q=2
band30Type=0
band31Type=0
band3Frequency=3000
band3Gain=-2.6
band3Mode=6
band3Q=5
band3Type=0
band4Frequency=6000
band4Gain=-1
band4Mode=6
band4Q=0.8
band5Frequency=6000
band5Gain=-2
band5Mode=6
band5Q=0.699999988079071
band5Type=0
band6Frequency=9000
band6Gain=-3
band6Mode=6
band6Q=0.699999988079071
band6Type=0
band7Mode=6
band7Q=0
band7Type=0
band8Mode=6
band8Q=0
band8Type=0
band9Mode=6
band9Q=0
band9Type=0

[soe][Equalizer#1#right]
band0Frequency=150
band0Gain=2
band0Mode=6
band0Q=0.8
band0Type=5
band10Type=0
band11Type=0
band12Type=0
band13Type=0
band14Type=0
band15Type=0
band16Type=0
band17Type=0
band18Type=0
band19Type=0
band1Frequency=400
band1Gain=2
band1Mode=6
band1Q=1.5
band20Type=0
band21Type=0
band22Type=0
band23Type=0
band24Type=0
band25Type=0
band26Type=0
band27Type=0
band28Type=0
band29Type=0
band2Frequency=750
band2Gain=1.2
band2Mode=6
band2Q=2
band30Type=0
band31Type=0
band3Frequency=3000
band3Gain=-2.6
band3Mode=6
band3Q=5
band3Type=0
band4Frequency=6000
band4Gain=-1
band4Mode=6
band4Q=0.8
band5Frequency=6000
band5Gain=-2
band5Mode=6
band5Q=0.699999988079071
band5Type=0
band6Frequency=9000
band6Gain=-3
band6Mode=6
band6Q=0.699999988079071
band6Type=0
band7Mode=6
band7Q=0
band7Type=0
band8Mode=6
band8Q=0
band8Type=0
band9Mode=6
band9Q=0
band9Type=0
